292,42296,7551533,352
374,18946,1710813,85
32,35775,53269950,1493
319,14722,2496153,64
351,8508,1343485,25
257,32405,6216967,231
368,29879,4183913,150
377,42155,5169099,361
171,12438,4087840,45
106,7791,3621538,38
100,30080,14860593,851
72,5676,3853918,24
52,11429,10036046,104
243,46011,9468701,517
472,7545,461142,22
411,43024,4810117,230
294,7852,1254953,24
339,12610,1278247,13
250,47844,8289874,633
415,10063,1377622,29
420,1117,3994,0
110,36677,15375424,1015
258,36062,6466940,300
141,44417,14682472,1208
346,12602,1793164,46
445,8226,833501,10
84,19531,11318345,260
101,47244,22942730,1974
160,29090,9153164,372
92,6839,3443917,29
169,25553,7200214,167
219,17907,3561733,37
396,12897,1167579,45
98,46311,22415557,2415
137,36107,11900558,324
234,45357,9469420,696
218,38183,8787699,292
173,39120,10076362,535
206,489,70450,1
257,34255,6239594,168
471,9586,880325,33
161,40025,11593045,466
143,6487,2045388,18
181,32926,8696594,472
12,9287,35255963,157
326,42415,5806051,133
34,17443,21817709,365
355,23773,2661820,45
321,29221,3975644,217
159,43340,14165346,1118
226,34477,7362445,484
464,39721,4124478,434
350,30586,3838285,133
62,14438,12284011,193
260,33251,6312124,287
31,18473,28356847,427
72,43328,30238887,1379
402,20477,2807420,75
463,23736,2073432,171
378,41991,4534610,117
304,49741,7287019,684
140,9925,2761396,18
312,30871,5477114,160
330,35839,5036102,454
440,30334,3421107,344
90,16717,8875038,194
221,34811,8418148,492
345,2675,225792,6
93,18000,9892693,264
470,8713,736191,8
148,32111,9716799,477
466,1760,384752,3
23,34793,71859298,1921
485,17392,1206775,111
133,45465,17191918,1565
350,1820,337436,2
414,7476,897963,36
47,23039,22932228,454
43,43235,46906083,2001
175,2090,562423,3
308,26710,4069987,183
455,2412,305958,4
104,9972,3824197,58
86,26824,15617901,571
485,19804,1663186,74
422,9659,607093,12
481,48894,4909696,287
31,49926,77292152,2745
327,17140,2486568,149
149,44473,13383762,1231
246,43861,8397805,512
176,41512,10485570,763
426,12165,1125359,59
52,47148,42140834,1805
93,29234,13871779,567
254,34385,7077528,295
166,41016,12648466,634
59,45772,37011565,1731
343,16972,2182652,68
414,44505,4537663,362
138,38342,12050405,870
90,23070,12010751,237
271,47512,8238702,724
220,8882,2141527,20
7,7756,47354101,236
172,30586,8245643,460
273,29249,4153808,176
416,30199,3015438,83
480,19321,1898082,88
330,30204,3447640,98
433,21568,2150680,99
437,14506,1609890,26
341,22132,2875777,77
176,23160,5515598,138
50,47715,49058586,2293
172,6766,1555914,20
484,16040,1155853,106
190,20020,4550213,79
202,6371,1101330,16
339,32997,4543899,192
194,49580,10573491,846
76,45764,29083726,1855
69,16044,10706312,200
34,46627,64417854,2026
124,19921,6671619,151
418,46845,4544530,135
121,33245,13655615,776
365,10441,653746,5
250,10016,2019440,66
165,6002,1795809,32
138,15508,5477989,93
167,3399,1074892,6
475,6813,459243,7
415,23236,2701542,196
32,21452,32238738,476
316,34072,5108712,215
143,10428,3567804,41
68,1581,1222783,1
386,4474,417403,8
180,17832,4588175,136
347,49726,7178850,991
429,28953,3164669,147
483,20067,1901677,160
447,18799,1855897,108
34,747,741332,0
192,26780,6603953,238
81,24583,13065987,381
399,47632,4617812,239
53,31106,27899059,506
55,29072,26466584,588
249,2064,474715,1
405,10967,911720,14
61,43235,35179280,2061
289,41823,7587883,381
465,40086,3796153,196
453,30198,3352293,180
102,33181,16038946,792
4,15707,148939893,1941
240,23597,4256863,85
37,33009,43080269,1077
33,43407,64393789,1695
449,42290,4755590,373
448,40244,4042853,171
274,10130,1172698,18
93,45483,23354122,1753
42,48756,54119662,2069
444,11761,1278576,39
180,22961,5926549,146
314,14429,1999376,44
402,9102,1168968,21
77,37249,22464249,1114
141,2020,465571,1
402,9387,838487,21
61,2937,1618200,2
363,43659,5755499,336
55,33114,28790578,1071
451,5836,400758,10
455,21811,2309555,81
233,49088,9597377,494
459,34872,3968170,318
192,407,85655,0
481,12576,1104638,39
380,39299,4160934,170
313,18852,2790070,82
174,38994,11535976,662
445,23733,2543197,116
10,47846,209257351,5282
352,21172,3104272,164
374,46149,5228197,254
356,9425,1293054,40
463,16764,1711351,183
100,26489,13411044,532
197,42501,10992392,801
471,49689,4780085,568
44,47901,51212839,2528
404,30168,3157224,294
134,31698,12170555,584
62,16615,13911737,186
175,14805,4193031,69
103,29470,13062267,497
401,27475,3673826,163
358,21482,2164502,89
176,10636,2175174,40
312,9206,1306623,30
238,47489,9533639,820
442,4289,183711,2
65,3020,2338226,10
309,41673,6768930,334
103,20069,9178571,331
298,7625,861680,7
115,7749,3353303,26
212,17483,3833341,41
236,14371,3343196,73
175,28969,8502935,314
10,5568,24143429,77
230,41377,8663660,765
71,4426,3494954,14
469,34803,3445077,189
206,5326,1073951,14
220,31309,7042705,233
280,9293,1559431,42
352,42950,5405630,338
12,36422,135468328,2804
491,8517,669532,26
225,29533,5248064,361
395,27070,3668153,211
315,19445,3387980,75
450,48828,5750906,448
266,801,135520,0
223,24364,5084330,209
445,48191,5733914,275
20,8132,18923217,96
187,22372,6004812,91
368,6783,643459,4
254,26214,4231389,78
369,14632,2081524,136
30,37959,57113413,1526
152,38524,13679184,956
218,31533,7362207,263
343,49439,7205124,580
27,15551,26930331,358
28,38599,66240510,1670
36,9727,12328708,88
192,49870,12633978,1065
382,10228,1136200,31
264,29004,4457234,144
415,44219,4206724,370
233,39203,7936351,519
90,4578,2236146,12
314,597,85073,0
466,6971,972046,27
272,48269,8721488,400
230,49559,10002132,1141
329,8356,1390054,33
255,1983,310915,0
143,1070,367888,0
301,30924,4913736,189
206,6187,921997,13
199,11437,2240504,34
92,29334,14418119,485
405,38922,5186862,191
315,19137,2754495,96
500,16440,1376953,31
4,7782,72531165,522
230,25863,5403269,112
450,9870,997198,42
455,34449,4216858,262
279,16408,3090151,55
419,33462,4049118,206
277,7422,1372725,28
22,39111,84016107,1466
410,2600,176341,1
273,6866,814048,10
190,34703,8544790,666
65,46735,34345436,2053
322,37860,5674061,264
283,6883,1002393,24
457,9500,1166465,44
317,48764,6833916,489
287,23196,3738354,71
59,1954,1391741,6
14,16927,56804498,457
239,40039,7485615,356
321,40269,6236717,328
303,13501,1699406,114
402,23842,2670617,280
401,6169,773968,21
183,39513,8918323,384
415,45501,5104624,239
111,38629,16308844,1253
384,22373,2740315,59
40,48227,58813151,1614
107,1780,742195,1
396,9105,831524,23
393,34410,5019761,253
234,6615,1121238,7
291,8621,1591610,57
269,44128,7078608,394
332,19684,2978153,123
182,703,98297,0
186,33925,8684764,588
296,45972,6298537,477
123,46061,19121913,1480
151,44698,13301177,1323
303,37311,5313723,257
494,5174,401234,9
296,31698,5035907,287
129,36055,13909344,747
283,22750,3774787,163
18,7698,17184377,108
217,2175,397957,1
189,20957,5602519,100
478,6141,540346,5
244,9606,1612089,17
353,11285,1684952,25
466,41060,3792712,85
152,47215,14984590,1189
194,20111,4469038,123
472,29358,3136581,184
400,5332,316048,9
279,1478,199379,1
94,7083,3902553,37
231,48416,9652482,565
131,16550,6186867,149
284,38095,6102104,202
309,44273,6243629,365
272,3214,452808,2
175,25418,6745840,153
420,42099,4402388,413
393,26005,3214606,56
439,36824,4648496,216
55,8686,7004727,58
390,48743,6667195,274
222,49288,9901606,939
471,24020,2223891,92
220,16503,2917155,33
300,308,0,0
490,13727,1651936,69
265,39148,5586965,436
430,32690,2906995,294
433,35469,3413185,68
140,19351,5855696,135
66,13786,11801987,126
312,15249,2021675,84
245,22079,3827679,136
221,17656,3334815,89
71,8865,6479383,61
51,46468,44734337,2404
453,13225,1097899,25
480,1911,216170,4
129,19965,7820523,252
88,46916,24050827,1965
122,39133,15783527,1002
141,25980,9138124,218
99,40364,19361663,1200
54,41528,36236101,1034
317,30914,4080247,219
500,5907,365027,13
482,4513,449583,13
424,11961,1470114,71
233,20503,2939929,33
460,1679,172338,2
16,26713,79575949,1355
147,15309,5909387,139
284,49037,8411621,553
266,13828,2050963,61
22,7568,15625993,137
390,7039,509595,32
138,27484,9007576,451
186,41521,11434625,853
353,48336,6442169,687
407,4561,427947,8
57,1448,1035517,2
170,49244,13309551,1425
53,30953,28113857,886
333,21585,2660837,70
133,49270,16041481,1835
465,7727,631625,11
287,33441,4603391,249
274,42084,7332378,554
497,44989,4538779,242
240,45566,9668970,742
112,16160,7810371,227
94,41432,20426285,1341
368,32045,3969940,122
158,37152,12323312,487
358,33011,4333842,152
166,31855,9066510,485
194,28840,8043430,321
312,12810,1737465,57
184,16299,4523144,82
206,44079,9372695,636
224,35140,7378705,301
215,31320,7330066,199
497,19043,1714145,63
65,20505,15077068,199
73,31815,21720557,986
453,37146,2991042,74
209,25284,5188138,104
132,49266,17742895,1305
460,19484,1823993,127
411,45720,5101158,128
195,2468,583418,4
3,8318,87879694,598
287,45964,7340903,357
128,45535,17318330,1243
457,37688,3633629,70
52,17288,16094999,214
135,46247,15964110,1638
8,3806,19133915,50
77,10024,7052644,64
445,11624,814776,9
140,37057,11784148,366
454,48038,5830059,405
258,16793,3274418,71
444,26717,2651033,210
291,46634,6754507,552
167,17982,4465387,94
365,47373,4985823,376
377,35110,4894438,206
66,47942,35515451,2178
203,43362,11251856,764
490,27031,2396696,195
471,5071,477712,9
69,25919,19692597,507
121,10855,3330088,41
271,36273,6358851,134
474,24721,2096484,90
194,26917,6430590,156
171,32321,9637237,603
247,4792,873568,8
10,43945,198212663,4713
86,9140,4948000,39
156,3424,1106608,11
32,30563,43531635,1245
173,47344,12563687,960
69,48035,32484972,2483
12,11797,43943768,267
350,13026,1424252,13
422,37236,4563363,172
339,21282,3177105,68
23,1241,2543281,2
130,21400,7760351,219
29,11276,17336147,120
129,24249,9005749,199
232,3607,751468,5
345,6591,940473,21
290,38015,6071041,164
304,28117,4043826,156
188,43120,10656623,1022
410,27147,3299831,141
74,3875,3389692,13
391,3038,350522,5
97,21024,8798343,194
305,38370,5799760,185
379,24361,2721538,153
272,15792,2338875,87
7,2186,12798590,24
63,37408,27510888,1380
229,26562,5065816,118
199,27965,6134940,156
277,42709,6732202,238
99,11630,4937246,67
435,44734,5525791,350
87,11184,6246218,103
382,39724,5608980,212
342,34967,4971597,209
185,13741,3557118,73
387,2769,330026,4
312,16280,2864588,73
491,1511,0,0
62,9888,7865878,62
29,39124,65367474,2110
80,11036,6874955,113
162,47210,14058646,1111
332,45500,6657103,301
171,24652,6706635,206
166,29746,9776561,489
24,20386,39619021,461
478,4766,512317,19
186,30185,8366923,431
334,28898,4185417,249
294,26979,4749689,156
175,12273,2846844,28
364,22438,2663796,42
268,41522,7224934,476
216,4050,774851,4
149,15357,4940872,104
443,20623,2137371,119
186,3414,733003,5
32,17595,27453210,588
438,10801,1076454,32
48,23606,21130051,355
282,11042,1478781,16
271,19393,3222705,80
405,42454,4870177,517
455,8383,816934,19
390,8619,911715,18
469,48346,5032038,113
240,19135,4240354,54
